|---------------------------------------------------------|
|                                                         |
|     Using folders P1 and P2, you can arrange ships.     |
|                                                         |
|---------------------------------------------------------|
|                                                         |
|                                 0 0 0                   |
|	1 - Single-deck ship.  -  0 1 0                   |
|                                 0 0 0                   |
|                                                         |
|                                 0 0 0 0     0 0 0       |
|	2 - Double-deck ship.  -  0 2 2 0  /  0 2 0       |
|                                 0 0 0 0     0 2 0       |
|                                             0 0 0       |
|                                                         |
|                                0 0 0 0 0    0 0 0       |
|	3 -  Three-deck ship.  - 0 3 3 3 0  / 0 3 0       |
|                                0 0 0 0 0    0 3 0       |
|                                             0 3 0       |
|                                             0 0 0       |
|                                                         |
|                                             0 0 0       |
|                              0 0 0 0 0 0    0 4 0       |
|	4 - Four-deck ship.  - 0 4 4 4 4 0  / 0 4 0       |
|                              0 0 0 0 0 0    0 4 0       |
|                                             0 4 0       |
|                                             0 0 0       |
|                                                         |
|---------------------------------------------------------|
